%YAML:1.0
---
R: !!opencv-matrix
   rows: 3
   cols: 3
   dt: d
   data: [ 9.9998224367209576e-01, -3.4623600679310842e-03,
       -4.8501962105922591e-03, 3.4559306060781129e-03,
       9.9999313931979561e-01, -1.3333630360628204e-03,
       4.8547795178792439e-03, 1.3165774189018860e-03,
       9.9998734878983986e-01 ]
T: !!opencv-matrix
   rows: 3
   cols: 1
   dt: d
   data: [ -1.0470536210413204e+00, -2.0839795515965079e-01,
       2.3077523870097204e-03 ]
Rl: !!opencv-matrix
   rows: 3
   cols: 3
   dt: d
   data: [ 9.8140709301106444e-01, 1.9180350116742795e-01,
       -7.1787692182276319e-03, -1.9180650920444406e-01,
       9.8143272219969102e-01, 2.7353703501785376e-04,
       7.0979443769038737e-03, 1.1084834777648218e-03,
       9.9997419489204908e-01 ]
Rr: !!opencv-matrix
   rows: 3
   cols: 3
   dt: d
   data: [ 9.8076039248084124e-01, 1.9520343198022150e-01,
       -2.1616391857575508e-03, -1.9520250360016633e-01,
       9.8076275419386605e-01, 6.3448742238099507e-04,
       2.2439093237940156e-03, -2.0032275245844176e-04,
       9.9999746236765086e-01 ]
Pl: !!opencv-matrix
   rows: 3
   cols: 4
   dt: d
   data: [ 3.0765518883805331e+01, 0., 1.5285688495635986e+02, 0., 0.,
       3.0765518883805331e+01, 1.7164634132385254e+02, 0., 0., 0., 1.,
       0. ]
Pr: !!opencv-matrix
   rows: 3
   cols: 4
   dt: d
   data: [ 3.0765518883805331e+01, 0., 1.5285688495635986e+02,
       -3.2845074288756784e+01, 0., 3.0765518883805331e+01,
       1.7164634132385254e+02, 0., 0., 0., 1., 0. ]
Q: !!opencv-matrix
   rows: 4
   cols: 4
   dt: d
   data: [ 1., 0., 0., -1.5285688495635986e+02, 0., 1., 0.,
       -1.7164634132385254e+02, 0., 0., 0., 3.0765518883805331e+01, 0.,
       0., 9.3668592779942927e-01, 0. ]
