%YAML:1.0
---
cameraMatrixL: !!opencv-matrix
   rows: 3
   cols: 3
   dt: d
   data: [ 3.1930079387840369e+01, 0., 2.5017485296503040e+02, 0.,
       3.4593545390090846e+01, 1.2559684125311740e+02, 0., 0., 1. ]
cameraDistcoeffL: !!opencv-matrix
   rows: 5
   cols: 1
   dt: d
   data: [ -3.0899028003112984e-03, -1.3442506986423989e-05,
       8.7366742493705102e-03, -2.5901904923754621e-02,
       1.8280927370442991e-07 ]
cameraMatrixR: !!opencv-matrix
   rows: 3
   cols: 3
   dt: d
   data: [ 3.1712922170237611e+01, 0., 2.5075964080000969e+02, 0.,
       3.4418960896983627e+01, 1.2601361565890248e+02, 0., 0., 1. ]
cameraDistcoeffR: !!opencv-matrix
   rows: 5
   cols: 1
   dt: d
   data: [ -3.1436919447745226e-03, -3.2647661400685313e-05,
       8.8718307987898648e-03, -2.4437595450976676e-02,
       5.8356357854020651e-07 ]
